0 0.1502403846153846 0.25841346153846156 0.23557692307692307 0.3557692307692308
0 0.34375 0.28966346153846156 0.21634615384615385 0.3317307692307692
0 0.5096153846153846 0.31971153846153844 0.1778846153846154 0.27403846153846156
0 0.6598557692307693 0.3485576923076923 0.16826923076923078 0.2548076923076923
0 0.8028846153846154 0.375 0.15625 0.24278846153846154
0 0.9302884615384616 0.39903846153846156 0.1346153846153846 0.22596153846153846
0 0.2920673076923077 0.6262019230769231 0.2091346153846154 0.32211538461538464
0 0.10697115384615384 0.5973557692307693 0.21394230769230768 0.3485576923076923
0 0.4567307692307692 0.6538461538461539 0.1778846153846154 0.28365384615384615
0 0.7512019230769231 0.703125 0.15865384615384615 0.24278846153846154
0 0.8834134615384616 0.7259615384615384 0.15144230769230768 0.2283653846153846
0 0.6069711538461539 0.6826923076923077 0.17307692307692307 0.2644230769230769