0 0.21394230769230768 0.18870192307692307 0.2980769230769231 0.37740384615384615
0 0.3942307692307692 0.2608173076923077 0.27403846153846156 0.3485576923076923
0 0.5504807692307693 0.3269230769230769 0.22355769230769232 0.28846153846153844
0 0.6899038461538461 0.3894230769230769 0.21394230769230768 0.27163461538461536
0 0.8233173076923077 0.44711538461538464 0.1971153846153846 0.2548076923076923
0 0.9266826923076923 0.4987980769230769 0.14182692307692307 0.23798076923076922
0 0.2692307692307692 0.5769230769230769 0.2644230769230769 0.3389423076923077
0 0.11658653846153846 0.5048076923076923 0.23317307692307693 0.3701923076923077
0 0.4230769230769231 0.6394230769230769 0.22596153846153846 0.2956730769230769
0 0.6995192307692307 0.7548076923076923 0.19951923076923078 0.25721153846153844
0 0.8233173076923077 0.8064903846153846 0.18990384615384615 0.2403846153846154
0 0.5637019230769231 0.7019230769230769 0.21875 0.27884615384615385