0 0.6502403846153846 0.8942307692307693 0.3485576923076923 0.20673076923076922
0 0.6658653846153846 0.703125 0.32211538461538464 0.1971153846153846
0 0.6766826923076923 0.5336538461538461 0.2668269230769231 0.16105769230769232
0 0.6850961538461539 0.38100961538461536 0.25 0.15384615384615385
0 0.6947115384615384 0.23557692307692307 0.23557692307692307 0.14182692307692307
0 0.7055288461538461 0.10096153846153846 0.21634615384615385 0.1346153846153846
0 0.3269230769230769 0.6706730769230769 0.31490384615384615 0.19230769230769232
0 0.3088942307692308 0.8665865384615384 0.33653846153846156 0.2091346153846154
0 0.3401442307692308 0.5048076923076923 0.2764423076923077 0.15865384615384615
0 0.3641826923076923 0.20673076923076922 0.23557692307692307 0.14423076923076922
0 0.3737980769230769 0.07211538461538461 0.22115384615384615 0.13701923076923078
0 0.3485576923076923 0.35216346153846156 0.25721153846153844 0.15865384615384615