0 0.11298076923076923 0.3233173076923077 0.18990384615384615 0.33413461538461536
0 0.3088942307692308 0.32091346153846156 0.17548076923076922 0.31009615384615385
0 0.47836538461538464 0.32091346153846156 0.14423076923076922 0.25721153846153844
0 0.6310096153846154 0.3233173076923077 0.13701923076923078 0.2403846153846154
0 0.7764423076923077 0.3245192307692308 0.12740384615384615 0.2283653846153846
0 0.9122596153846154 0.3233173076923077 0.12259615384615384 0.2091346153846154
0 0.3173076923076923 0.6610576923076923 0.17067307692307693 0.30288461538461536
0 0.1201923076923077 0.6658653846153846 0.1875 0.3245192307692308
0 0.4831730769230769 0.6586538461538461 0.14182692307692307 0.2668269230769231
0 0.7824519230769231 0.65625 0.12740384615384615 0.2283653846153846
0 0.9170673076923077 0.65625 0.12259615384615384 0.21394230769230768
0 0.6370192307692307 0.6610576923076923 0.14182692307692307 0.24759615384615385