0 0.4963942307692308 0.11538461538461539 0.38221153846153844 0.23076923076923078
0 0.41346153846153844 0.25240384615384615 0.35096153846153844 0.28365384615384615
0 0.3449519230769231 0.4074519230769231 0.29086538461538464 0.23317307692307693
0 0.2848557692307692 0.5480769230769231 0.27163461538461536 0.22355769230769232
0 0.22716346153846154 0.6814903846153846 0.25721153846153844 0.20673076923076922
0 0.17067307692307693 0.8052884615384616 0.23798076923076922 0.19471153846153846
0 0.7211538461538461 0.39903846153846156 0.34134615384615385 0.27403846153846156
0 0.8052884615384616 0.22115384615384615 0.3701923076923077 0.30288461538461536
0 0.6514423076923077 0.5492788461538461 0.2980769230769231 0.23557692307692307
0 0.5276442307692307 0.8221153846153846 0.25721153846153844 0.2091346153846154
0 0.4735576923076923 0.9206730769230769 0.24519230769230768 0.15384615384615385
0 0.5913461538461539 0.6911057692307693 0.28125 0.2283653846153846