0 0.3161057692307692 0.8834134615384616 0.3317307692307692 0.18509615384615385
0 0.3173076923076923 0.6875 0.3076923076923077 0.17067307692307693
0 0.32091346153846156 0.5180288461538461 0.2548076923076923 0.13942307692307693
0 0.32572115384615385 0.36538461538461536 0.23798076923076922 0.1346153846153846
0 0.3293269230769231 0.21995192307692307 0.22596153846153846 0.12259615384615384
0 0.33052884615384615 0.08413461538461539 0.20673076923076922 0.11778846153846154
0 0.6574519230769231 0.6850961538461539 0.3004807692307692 0.16346153846153846
0 0.6586538461538461 0.8822115384615384 0.32211538461538464 0.18269230769230768
0 0.6586538461538461 0.5192307692307693 0.2644230769230769 0.13701923076923078
0 0.6610576923076923 0.21995192307692307 0.22596153846153846 0.125
0 0.6634615384615384 0.08533653846153846 0.21153846153846154 0.1201923076923077
0 0.6634615384615384 0.36538461538461536 0.24519230769230768 0.13701923076923078