0 0.6838942307692307 0.8834134615384616 0.3317307692307692 0.18509615384615385
0 0.6826923076923077 0.6875 0.3076923076923077 0.17067307692307693
0 0.6790865384615384 0.5180288461538461 0.2548076923076923 0.13942307692307693
0 0.6742788461538461 0.36538461538461536 0.23798076923076922 0.1346153846153846
0 0.6706730769230769 0.21995192307692307 0.22596153846153846 0.12259615384615384
0 0.6694711538461539 0.08413461538461539 0.20673076923076922 0.11778846153846154
0 0.3425480769230769 0.6850961538461539 0.3004807692307692 0.1658653846153846
0 0.34134615384615385 0.8822115384615384 0.32211538461538464 0.18269230769230768
0 0.34134615384615385 0.5192307692307693 0.2644230769230769 0.13701923076923078
0 0.3389423076923077 0.21995192307692307 0.22596153846153846 0.125
0 0.33653846153846156 0.08533653846153846 0.21153846153846154 0.1201923076923077
0 0.33653846153846156 0.36538461538461536 0.24519230769230768 0.13701923076923078