0 0.7536057692307693 0.15865384615384615 0.3605769230769231 0.24519230769230768
0 0.7151442307692307 0.35096153846153844 0.33413461538461536 0.22596153846153846
0 0.6790865384615384 0.5168269230769231 0.2764423076923077 0.18509615384615385
0 0.6454326923076923 0.6658653846153846 0.25961538461538464 0.1778846153846154
0 0.6141826923076923 0.8076923076923077 0.24519230769230768 0.16346153846153846
0 0.5877403846153846 0.9302884615384616 0.2283653846153846 0.1346153846153846
0 0.38100961538461536 0.28846153846153844 0.3269230769230769 0.21875
0 0.4170673076923077 0.10817307692307693 0.35336538461538464 0.21634615384615385
0 0.3473557692307692 0.45072115384615385 0.2860576923076923 0.18509615384615385
0 0.28846153846153844 0.7439903846153846 0.24519230769230768 0.1658653846153846
0 0.2608173076923077 0.8762019230769231 0.23076923076923078 0.15865384615384615
0 0.3137019230769231 0.6009615384615384 0.2668269230769231 0.18028846153846154