0 0.7475961538461539 0.15384615384615385 0.3581730769230769 0.2403846153846154
0 0.7127403846153846 0.3473557692307692 0.3317307692307692 0.22115384615384615
0 0.6790865384615384 0.5132211538461539 0.27403846153846156 0.18269230769230768
0 0.6478365384615384 0.6622596153846154 0.25721153846153844 0.17307692307692307
0 0.6189903846153846 0.8052884615384616 0.24278846153846154 0.16105769230769232
0 0.5961538461538461 0.9302884615384616 0.22596153846153846 0.1346153846153846
0 0.37740384615384615 0.29086538461538464 0.3245192307692308 0.21394230769230768
0 0.4110576923076923 0.10817307692307693 0.35096153846153844 0.21634615384615385
0 0.3473557692307692 0.453125 0.28365384615384615 0.18028846153846154
0 0.2932692307692308 0.7475961538461539 0.24519230769230768 0.16346153846153846
0 0.2668269230769231 0.8798076923076923 0.2283653846153846 0.15625
0 0.3161057692307692 0.6045673076923077 0.2644230769230769 0.1778846153846154