0 0.16346153846153846 0.2403846153846154 0.25 0.3629807692307692
0 0.3545673076923077 0.2824519230769231 0.23076923076923078 0.33653846153846156
0 0.5192307692307693 0.32091346153846156 0.18990384615384615 0.27884615384615385
0 0.6682692307692307 0.35697115384615385 0.18028846153846154 0.25961538461538464
0 0.8088942307692307 0.3918269230769231 0.16826923076923078 0.24759615384615385
0 0.9302884615384616 0.4206730769230769 0.1346153846153846 0.23076923076923078
0 0.2860576923076923 0.6153846153846154 0.22355769230769232 0.3293269230769231
0 0.109375 0.5757211538461539 0.21875 0.35336538461538464
0 0.4483173076923077 0.6514423076923077 0.18990384615384615 0.28846153846153844
0 0.7403846153846154 0.7163461538461539 0.16826923076923078 0.24759615384615385
0 0.8713942307692307 0.7463942307692307 0.16105769230769232 0.23317307692307693
0 0.5973557692307693 0.6875 0.18509615384615385 0.2692307692307692