0 0.13822115384615385 0.6274038461538461 0.2764423076923077 0.3701923076923077
0 0.23798076923076922 0.49399038461538464 0.33413461538461536 0.34134615384615385
0 0.3641826923076923 0.38100961538461536 0.2764423076923077 0.28125
0 0.4795673076923077 0.28125 0.25961538461538464 0.2644230769230769
0 0.5889423076923077 0.18389423076923078 0.24519230769230768 0.25
0 0.6899038461538461 0.10576923076923077 0.23076923076923078 0.21153846153846154
0 0.4723557692307692 0.7415865384615384 0.3245192307692308 0.3317307692307692
0 0.328125 0.8473557692307693 0.35336538461538464 0.3004807692307692
0 0.59375 0.6286057692307693 0.28125 0.28846153846153844
0 0.8149038461538461 0.4266826923076923 0.24519230769230768 0.25
0 0.8978365384615384 0.33774038461538464 0.19951923076923078 0.23798076923076922
0 0.7103365384615384 0.5276442307692307 0.2692307692307692 0.27403846153846156