0 0.12980769230769232 0.5540865384615384 0.25961538461538464 0.5072115384615384
0 0.203125 0.4362980769230769 0.40625 0.4639423076923077
0 0.33653846153846156 0.3269230769230769 0.35336538461538464 0.3870192307692308
0 0.46153846153846156 0.22716346153846154 0.3317307692307692 0.3629807692307692
0 0.5829326923076923 0.15985576923076922 0.3245192307692308 0.31971153846153844
0 0.7007211538461539 0.11538461538461539 0.31490384615384615 0.23076923076923078
0 0.5072115384615384 0.7932692307692307 0.4182692307692308 0.40865384615384615
0 0.765625 0.6081730769230769 0.3629807692307692 0.39663461538461536
0 0.6442307692307693 0.7079326923076923 0.3485576923076923 0.38221153846153844
0 0.34975961538461536 0.8521634615384616 0.44471153846153844 0.29086538461538464
0 0.8653846153846154 0.5180288461538461 0.2644230769230769 0.34375
0 0.9254807692307693 0.4338942307692308 0.14423076923076922 0.3293269230769231