0 0.21995192307692307 0.8509615384615384 0.43990384615384615 0.27884615384615385
0 0.234375 0.6538461538461539 0.46875 0.2548076923076923
0 0.26322115384615385 0.47716346153846156 0.39903846153846156 0.21153846153846154
0 0.29086538461538464 0.31971153846153844 0.37259615384615385 0.19951923076923078
0 0.32572115384615385 0.17548076923076922 0.36538461538461536 0.1875
0 0.3629807692307692 0.06490384615384616 0.35096153846153844 0.12980769230769232
0 0.7139423076923077 0.734375 0.47115384615384615 0.24759615384615385
0 0.7716346153846154 0.4074519230769231 0.40625 0.21875
0 0.7451923076923077 0.5625 0.3894230769230769 0.21153846153846154
0 0.6802884615384616 0.9002403846153846 0.4951923076923077 0.19471153846153846
0 0.8052884615384616 0.25721153846153844 0.3485576923076923 0.18509615384615385
0 0.8329326923076923 0.1201923076923077 0.3293269230769231 0.18269230769230768