0 0.16826923076923078 0.2127403846153846 0.30288461538461536 0.4254807692307692
0 0.3629807692307692 0.23076923076923078 0.27403846153846156 0.46153846153846156
0 0.5360576923076923 0.265625 0.2283653846153846 0.4014423076923077
0 0.6911057692307693 0.3016826923076923 0.21634615384615385 0.375
0 0.8341346153846154 0.3425480769230769 0.20673076923076922 0.3701923076923077
0 0.9338942307692307 0.3870192307692308 0.12740384615384615 0.3557692307692308
0 0.2548076923076923 0.7007211538461539 0.2692307692307692 0.4735576923076923
0 0.578125 0.7764423076923077 0.23798076923076922 0.4110576923076923
0 0.42427884615384615 0.7415865384615384 0.2283653846153846 0.3942307692307692
0 0.10096153846153846 0.6586538461538461 0.20192307692307693 0.5
0 0.7259615384615384 0.8173076923076923 0.20192307692307693 0.35336538461538464
0 0.8629807692307693 0.8413461538461539 0.1971153846153846 0.3125