0 0.24639423076923078 0.10096153846153846 0.4879807692307692 0.1971153846153846
0 0.25841346153846156 0.30288461538461536 0.4519230769230769 0.17307692307692307
0 0.26322115384615385 0.48197115384615385 0.3798076923076923 0.1466346153846154
0 0.26322115384615385 0.6418269230769231 0.35336538461538464 0.13942307692307693
0 0.27163461538461536 0.7896634615384616 0.3485576923076923 0.13221153846153846
0 0.2848557692307692 0.9326923076923077 0.33413461538461536 0.12980769230769232
0 0.7512019230769231 0.30649038461538464 0.44711538461538464 0.17307692307692307
0 0.7512019230769231 0.6382211538461539 0.38461538461538464 0.15625
0 0.7524038461538461 0.4807692307692308 0.3701923076923077 0.14903846153846154
0 0.7536057692307693 0.10096153846153846 0.46634615384615385 0.18990384615384615
0 0.7584134615384616 0.7920673076923077 0.3317307692307692 0.13221153846153846
0 0.765625 0.9326923076923077 0.3173076923076923 0.12740384615384615