0 0.1045673076923077 0.375 0.2091346153846154 0.5288461538461539
0 0.2403846153846154 0.3269230769230769 0.2980769230769231 0.4831730769230769
0 0.41346153846153844 0.27884615384615385 0.25 0.40384615384615385
0 0.5661057692307693 0.23197115384615385 0.23557692307692307 0.3798076923076923
0 0.7103365384615384 0.1971153846153846 0.2283653846153846 0.37259615384615385
0 0.8533653846153846 0.17307692307692307 0.22596153846153846 0.34615384615384615
0 0.38822115384615385 0.7776442307692307 0.3004807692307692 0.43990384615384615
0 0.7055288461538461 0.6995192307692307 0.2620192307692308 0.41346153846153844
0 0.5552884615384616 0.7475961538461539 0.25 0.39663461538461536
0 0.1935096153846154 0.8028846153846154 0.31971153846153844 0.3894230769230769
0 0.8545673076923077 0.6622596153846154 0.22115384615384615 0.3557692307692308
0 0.9411057692307693 0.6286057692307693 0.11298076923076923 0.34375