0 0.6875 0.10216346153846154 0.5144230769230769 0.20432692307692307
0 0.7079326923076923 0.26802884615384615 0.4735576923076923 0.24278846153846154
0 0.7307692307692307 0.44471153846153844 0.39903846153846156 0.20432692307692307
0 0.7560096153846154 0.6033653846153846 0.3701923076923077 0.19230769230769232
0 0.7704326923076923 0.75 0.36538461538461536 0.18509615384615385
0 0.7824519230769231 0.8930288461538461 0.35096153846153844 0.18028846153846154
0 0.2283653846153846 0.34975961538461536 0.4567307692307692 0.24278846153846154
0 0.27403846153846156 0.6754807692307693 0.40384615384615385 0.21153846153846154
0 0.24759615384615385 0.5204326923076923 0.3894230769230769 0.20432692307692307
0 0.21754807692307693 0.14543269230769232 0.43509615384615385 0.2620192307692308
0 0.29086538461538464 0.8293269230769231 0.3485576923076923 0.18269230769230768
0 0.30528846153846156 0.9387019230769231 0.33653846153846156 0.11778846153846154