0 0.09975961538461539 0.24519230769230768 0.19471153846153846 0.49038461538461536
0 0.30288461538461536 0.25841346153846156 0.17427884615384615 0.4519230769230769
0 0.48197115384615385 0.26322115384615385 0.1466346153846154 0.3786057692307692
0 0.6418269230769231 0.26322115384615385 0.13942307692307693 0.35336538461538464
0 0.7896634615384616 0.27163461538461536 0.1310096153846154 0.3485576923076923
0 0.9338942307692307 0.28365384615384615 0.1310096153846154 0.3329326923076923
0 0.30649038461538464 0.7512019230769231 0.17427884615384615 0.44591346153846156
0 0.6382211538461539 0.7512019230769231 0.15504807692307693 0.3858173076923077
0 0.4807692307692308 0.7524038461538461 0.14903846153846154 0.3701923076923077
0 0.10096153846153846 0.7536057692307693 0.18990384615384615 0.4675480769230769
0 0.7920673076923077 0.7584134615384616 0.1310096153846154 0.3317307692307692
0 0.9326923076923077 0.765625 0.12740384615384615 0.31850961538461536