0 0.7103365384615384 0.8978365384615384 0.5072115384615384 0.19951923076923078
0 0.7199519230769231 0.7211538461538461 0.46634615384615385 0.21875
0 0.7331730769230769 0.5432692307692307 0.3942307692307692 0.18509615384615385
0 0.75 0.38341346153846156 0.36538461538461536 0.17548076923076922
0 0.7572115384615384 0.23557692307692307 0.3605769230769231 0.1658653846153846
0 0.7608173076923077 0.09134615384615384 0.34375 0.16346153846153846
0 0.23197115384615385 0.6670673076923077 0.4639423076923077 0.22355769230769232
0 0.2644230769230769 0.33653846153846156 0.39903846153846156 0.19230769230769232
0 0.24639423076923078 0.49278846153846156 0.38461538461538464 0.1875
0 0.2247596153846154 0.8701923076923077 0.4495192307692308 0.2403846153846154
0 0.27403846153846156 0.18269230769230768 0.34375 0.16346153846153846
0 0.28125 0.0625 0.3317307692307692 0.125