0 0.10096153846153846 0.3112980769230769 0.20192307692307693 0.5168269230769231
0 0.26802884615384615 0.2920673076923077 0.24278846153846154 0.4735576923076923
0 0.44471153846153844 0.2692307692307692 0.20432692307692307 0.39903846153846156
0 0.6033653846153846 0.2439903846153846 0.19230769230769232 0.3701923076923077
0 0.75 0.22956730769230768 0.18269230769230768 0.36538461538461536
0 0.8942307692307693 0.21875 0.18028846153846154 0.3485576923076923
0 0.34975961538461536 0.7704326923076923 0.24278846153846154 0.4543269230769231
0 0.6754807692307693 0.7259615384615384 0.21153846153846154 0.40384615384615385
0 0.5204326923076923 0.7524038461538461 0.20432692307692307 0.3894230769230769
0 0.14543269230769232 0.7824519230769231 0.2620192307692308 0.43028846153846156
0 0.8293269230769231 0.7091346153846154 0.18028846153846154 0.3485576923076923
0 0.9387019230769231 0.6947115384615384 0.11778846153846154 0.33653846153846156