0 0.21875 0.19230769230769232 0.3605769230769231 0.38461538461538464
0 0.40384615384615385 0.22355769230769232 0.3269230769230769 0.44711538461538464
0 0.5685096153846154 0.27283653846153844 0.27403846153846156 0.40625
0 0.7175480769230769 0.3293269230769231 0.25721153846153844 0.3798076923076923
0 0.8521634615384616 0.390625 0.24519230769230768 0.37259615384615385
0 0.9302884615384616 0.453125 0.1346153846153846 0.3581730769230769
0 0.22956730769230768 0.6646634615384616 0.32211538461538464 0.47836538461538464
0 0.5384615384615384 0.7836538461538461 0.28125 0.41346153846153844
0 0.3918269230769231 0.7283653846153846 0.27163461538461536 0.39903846153846156
0 0.1045673076923077 0.59375 0.2091346153846154 0.5048076923076923
0 0.6814903846153846 0.8329326923076923 0.24278846153846154 0.3293269230769231
0 0.8100961538461539 0.8641826923076923 0.23557692307692307 0.2668269230769231