0 0.7836538461538461 0.1622596153846154 0.42788461538461536 0.2956730769230769
0 0.7680288461538461 0.35697115384615385 0.45913461538461536 0.2668269230769231
0 0.7355769230769231 0.53125 0.4014423076923077 0.22355769230769232
0 0.7019230769230769 0.6875 0.375 0.2091346153846154
0 0.6634615384615384 0.8305288461538461 0.36778846153846156 0.20192307692307693
0 0.6225961538461539 0.9338942307692307 0.3557692307692308 0.12740384615384615
0 0.29447115384615385 0.25841346153846156 0.4735576923076923 0.2620192307692308
0 0.22596153846153846 0.5829326923076923 0.40865384615384615 0.23076923076923078
0 0.25721153846153844 0.42908653846153844 0.3942307692307692 0.22355769230769232
0 0.33533653846153844 0.09975961538461539 0.49759615384615385 0.19951923076923078
0 0.18629807692307693 0.7319711538461539 0.35096153846153844 0.1971153846153846
0 0.15985576923076922 0.8677884615384616 0.31971153846153844 0.19230769230769232