0 0.7103365384615384 0.10096153846153846 0.5072115384615384 0.20192307692307693
0 0.7199519230769231 0.27884615384615385 0.46634615384615385 0.21875
0 0.7331730769230769 0.4567307692307692 0.3942307692307692 0.18509615384615385
0 0.75 0.6165865384615384 0.36538461538461536 0.17548076923076922
0 0.7572115384615384 0.7644230769230769 0.3605769230769231 0.16826923076923078
0 0.7620192307692307 0.9074519230769231 0.34615384615384615 0.16346153846153846
0 0.23197115384615385 0.33413461538461536 0.4639423076923077 0.22115384615384615
0 0.2644230769230769 0.6634615384615384 0.39903846153846156 0.19230769230769232
0 0.24639423076923078 0.5072115384615384 0.38461538461538464 0.1875
0 0.2247596153846154 0.12980769230769232 0.4495192307692308 0.2403846153846154
0 0.27403846153846156 0.8173076923076923 0.34375 0.1658653846153846
0 0.28125 0.9375 0.3317307692307692 0.1201923076923077